<?xml version="1.0"?>
<opencv_storage>
<calibration_time>"2019年11月26日 15時29分55秒"</calibration_time>
<image_width>1920</image_width>
<image_height>1080</image_height>
<flags>0</flags>
<camera_matrix type_id="opencv-matrix">
  <rows>3</rows>
  <cols>3</cols>
  <dt>d</dt>
  <data>
    1.3937348316539999e+03 0. 9.5439197254949738e+02 0.
    1.3939527185508614e+03 5.5033311326655405e+02 0. 0. 1.</data></camera_matrix>
<distortion_coefficients type_id="opencv-matrix">
  <rows>1</rows>
  <cols>5</cols>
  <dt>d</dt>
  <data>
    9.5571287458723342e-03 9.0930244140575056e-01 3.1272959363942772e-03
    -1.7211075810361152e-03 -3.2070293466488078e+00</data></distortion_coefficients>
<avg_reprojection_error>9.9458838607998215e-02</avg_reprojection_error>
</opencv_storage>
